1309
10015
12107
12978
1347
12111
1311
1185
1205
1203
1211
1285
12857
12338
1341
9631
1287
12863
337
1353
2161
12376
12109
14541
10392
1675
2837
15094
1145
12443
913
1137
12316
12446
12276
12281
12328
14545
12292
981
1133
979
819
14961
1031
14539
1033
977
12452
933
911
1187
961
1015
14795
907
10013
1313
1189
1141
12297
2202
12301
12310
12463
12286
987
12268
14848
14857
10223
14872
14845
957
14854
14850
12626
14932
1293
14644
9633
1061
10220
16065
9941
12887
12875
15935
14549
921
2838
16134
1445
1303
14560
14574
16092
12364
1239
1019
10219
991
947
943
939
923
12412
12605
1057
1069
1085
1107
1075
12428
16114
14783
15029
1289
16052
12623
15975
2840
15947
12820
1143
1047
951
1147
12567
1269
12729
14582
1283
1265
1009
579
1053
915
1013
1027
935
1109
1127
1125
14972
14789
14798
12440
1139
12870
1343
1409
12126
12119
14852
14958
1367
16077
10227
1349
15161
2814
14999
917
1307
345
16104
919
1407
12852
1149
12633
12354
9635
2162
1379
1261
12172
1235
10404
1237
1241
15077
1071
14953
1369
15053
2163
1259
15624
12372
12186
14864